#calibration date: Thu Feb 06 19:38:45 EST 2020
0
-0.00039507787226256141  -0.0020461972944955109     0.99999782849269558     -72.785008504673272
    0.99998999711898995   0.0044544688565580914  0.00040418952016901821      6.6739313562741094
 -0.0044552862351489586     0.99998798531974264   0.0020444169645497112      43.006894580816223
1
    0.99999953029819932  0.00028810344791216569  0.00092541870735563816     -4.1059922579012262
 0.00092473231857461455   0.0023735249404062131    -0.99999675561948509      1195.6964761166703
-0.00029029901757718005     0.99999714168379517   0.0023732574069879053       40.05426306530925
2
1 0 0 0
0 1 0 0
0 0 1 0
4
 -0.38106630532927022  -0.73591071670351427  -0.55966408495062447    841.27803339824288
  0.48324766566914967  -0.67460558768893075   0.55801343593518482    392.04175057355263
 -0.78820058650575597 -0.057816244255337712   0.61269659484298566    292.90296394449757
5
 -0.57861015790495207  -0.73189189303617475   0.35992296686531622    804.45877635516831
  0.57077108740965954    -0.678588043413761  -0.46231875704223679    435.79083921606008
  0.58260677214258483 -0.062068705833202314   0.81038066660661989     261.7550466319264
6
 0.44922667115724613 -0.40883192600912527 -0.79438772283856984   765.97654854890288
 0.39508095029513818  0.88839776680840699 -0.23379574556378452   243.28258041100028
 0.80131544390138276 -0.20882017193150759  0.56061367728554878   236.01125585950444
7
 0.74061588971744508  -0.6422300718643017 -0.19755667209995975   790.62017724975783
  0.6700099310738421  0.72806329474482911  0.14495009868133724   258.28105233767991
0.050742449295067701  -0.2397172785563817  0.96951577099140562   275.84682592252187
8
 0.50658585470220041 -0.82906051732252173  0.23670536629437405   845.50589619659672
 0.48142875857119216  0.49975242512681761  0.72005129261773104   314.65517434299773
-0.71526017800255159 -0.25081102885793771   0.6523010850573383   279.09904225799062
